lambda
350,360,370,380,390,400,410,420,430,440,450,460,470,480,490,500,510,520,530,540,550,560,570,580,590,600,610,620,630,640,650,660,670,680,690,700,710,720,730,740,750,760,770,780,790,800,810,820,830,840,850,860,870,880,890,900,910,920,930,940,950,960,970,980,990,1000
c_w
2.5
c_o3
300
co2
450
p
101.25
h
95
t
15
tau_aer
0.1602,0.15658,0.15296,0.14934,0.14572,0.1421,0.13898,0.13586,0.13274,0.12962,0.1265,0.12376,0.12102,0.11828,0.11554,0.1128,0.11038,0.10796,0.10554,0.10312,0.1007,0.098642,0.096584,0.094526,0.092468,0.09041,0.088606,0.086802,0.084998,0.083194,0.08139,0.079838,0.078286,0.076734,0.075182,0.07363,0.072248,0.070866,0.069484,0.068102,0.06672,0.065418,0.064116,0.062814,0.061512,0.06021,0.059217,0.058224,0.057231,0.056238,0.055245,0.054252,0.053259,0.052266,0.051273,0.05028,0.049493,0.048706,0.047919,0.047132,0.046345,0.045558,0.044771,0.043984,0.043197,0.04241
w0_a
0.9887,0.98868,0.98866,0.98864,0.98862,0.9886,0.98856,0.98852,0.98848,0.98844,0.9884,0.98832,0.98824,0.98816,0.98808,0.988,0.98766,0.98732,0.98698,0.98664,0.9863,0.9862,0.9861,0.986,0.9859,0.9858,0.98544,0.98508,0.98472,0.98436,0.984,0.98388,0.98376,0.98364,0.98352,0.9834,0.98288,0.98236,0.98184,0.98132,0.9808,0.98026,0.97972,0.97918,0.97864,0.9781,0.97754,0.97698,0.97642,0.97586,0.9753,0.97474,0.97418,0.97362,0.97306,0.9725,0.97197,0.97144,0.97091,0.97038,0.96985,0.96932,0.96879,0.96826,0.96773,0.9672
sza
50
rho
0.0709054107401327,0.0711090687199768,0.071101663171688,0.0711518450908105,0.0712792424685212,0.0714125167142254,0.0715358422665052,0.0717407285936719,0.0720226593257427,0.072318787580194,0.0727660331443906,0.0732826036894427,0.0738936512465268,0.0746250461628481,0.0753459638861683,0.0761082611629091,0.0769900120393182,0.0779610891066051,0.0788734559651381,0.0796143378207533,0.0801529753350866,0.0807924773276118,0.0810431861243829,0.0803830507763693,0.078548874361635,0.0757694791448769,0.0744749733771863,0.0740791747970926,0.0738194153184959,0.0736107443758211,0.073377693046365,0.0725509026691662,0.0722118881706921,0.0724689168767098,0.0723029928592,0.0710640770879788,0.0698973637302423,0.0689719923257935,0.0682375686362186,0.0677977623281741,0.0677039481913202,0.0678804485552849,0.0676096013220497,0.0675577683860514,0.0675744919611182,0.0675937103674453,0.0675799407600465,0.0675263936115056,0.0673176259338393,0.0671631012662456,0.0670815383700917,0.0670536584292147,0.0670480545433028,0.0670073883948946,0.0669581443732653,0.0670185386983604,0.0669507065960568,0.0668032283124711,0.0668334253417558,0.0667048991351175,0.066481081836729,0.0664502276097532,0.0664329902270104,0.0664159098779501,0.0663988284259445,0.066381904047264
f_0
1056.2393806148,1077.44600115619,1319.64645093658,1210.80710958336,1272.08435066407,1797.7139732245,1704.04030524308,1774.48771460121,1406.34738840245,1886.27564601951,2161.68282644811,2124.03091135712,2052.54615214744,2165.11931533784,2094.23440919212,1999.02078846519,1962.57405315657,1874.00145485992,1955.77359186236,1866.22658907204,1942.63761304076,1827.05286631908,1843.87813329461,1858.76757436603,1750.4725131451,1801.45843136152,1743.61142036339,1731.11358560377,1698.49374085922,1654.00464563708,1623.23811974488,1591.71610955789,1567.0680367325,1526.44919002161,1524.52070378318,1491.43910099031,1448.98436663885,1399.08107814706,1367.5359887098,1315.92682096676,1309.46773619859,1304.9139195126,1266.90122832934,1199.3129207008,1194.47061838998,1154.08518136198,1134.05579567207,1095.70233654894,1089.93968892435,1073.44190730817,947.607355944556,1010.13613874079,1003.10082747239,986.570441623669,964.341609844869,919.107410138753,901.030010381883,891.271123114092,874.096308449792,853.660874631291,841.449919066838,817.410461681626,804.346737634611,781.595908178606,762.126945307008,750.860064749514
zenith
0,1,2,3,4,5,6,7,8,9,10,11,12,13,14,15,16,17,18,19,20,21,22,23,24,25,26,27,28,29,30,31,32,33,34,35,36,37,38,39,40,41,42,43,44,45,46,47,48,49,50,51,52,53,54,55,56,57,58,59,60,61,62,63,64,65,66,67,68,69,70,71,72,73,74,75,76,77,78,79,80,81,82,83,84,85,86,87,88,89,90
razimuth
0,1,2,3,4,5,6,7,8,9,10,11,12,13,14,15,16,17,18,19,20,21,22,23,24,25,26,27,28,29,30,31,32,33,34,35,36,37,38,39,40,41,42,43,44,45,46,47,48,49,50,51,52,53,54,55,56,57,58,59,60,61,62,63,64,65,66,67,68,69,70,71,72,73,74,75,76,77,78,79,80,81,82,83,84,85,86,87,88,89,90,91,92,93,94,95,96,97,98,99,100,101,102,103,104,105,106,107,108,109,110,111,112,113,114,115,116,117,118,119,120,121,122,123,124,125,126,127,128,129,130,131,132,133,134,135,136,137,138,139,140,141,142,143,144,145,146,147,148,149,150,151,152,153,154,155,156,157,158,159,160,161,162,163,164,165,166,167,168,169,170,171,172,173,174,175,176,177,178,179,180
p_a
0 60.8716555657888
0.00174532925199433 60.3268490099504
0.00349065850398866 58.7552916373397
0.00523598775598299 56.3246162343684
0.00698131700797732 53.3281801772573
0.00872664625997165 50.0802949405285
0.010471975511966 46.8533638021011
0.0122173047639603 43.8359736466885
0.0139626340159546 41.1538490640996
0.015707963267949 38.8488982509372
0.0174532925199433 36.9001671088999
0.0191986217719376 35.2447933430832
0.020943951023932 33.8199146585828
0.0226892802759263 32.5836228587957
0.0244346095279206 31.494009747119
0.0261799387799149 30.530121225251
0.0279252680319093 29.6710031948905
0.0296705972839036 28.9166556560374
0.0314159265358979 28.2251704120886
0.0331612557878923 27.6175015613458
0.0349065850398866 27.051740907206
0.0523598775598299 23.4266819010506
0.0698131700797732 21.3941343658074
0.0872664625997165 19.9063933864025
0.10471975511966 18.649147488314
0.139626340159546 16.46363503547
0.174532925199433 14.5253809425834
0.20943951023932 12.7924770130513
0.244346095279206 11.2334920994215
0.279252680319093 9.84842620169389
0.314159265358979 8.62261145105752
0.349065850398866 7.5350937492109
0.383972435438752 6.58168227649372
0.418879020478639 5.74980457392511
0.453785605518526 5.01850654320359
0.488692190558412 4.38150195483871
0.523598775598299 3.83040916950988
0.558505360638185 3.35056031840607
0.593411945678072 2.93357376220669
0.628318530717959 2.57106786159115
0.663225115757845 2.256756387069
0.698131700797732 1.98456265013283
0.733038285837618 1.7486195032582
0.767944870877505 1.54264071695469
0.802851455917391 1.36411179942611
0.837758040957278 1.20842284904614
0.872664625997165 1.07326891500162
0.907571211037051 0.954668718615263
0.942477796076938 0.851155473005969
0.977384381116825 0.760633768343592
1.01229096615671 0.681636817747026
1.0471975511966 0.61185967040311
1.08210413623648 0.550883244345813
1.11701072127637 0.496821670728004
1.15191730631626 0.449465408566668
1.18682389135614 0.407557211963715
1.22173047639603 0.370677998953117
1.25663706143592 0.337780064619799
1.2915436464758 0.308863408963761
1.32645023151569 0.28329940903596
1.36135681655558 0.260459441887351
1.39626340159546 0.240133966534919
1.43116998663535 0.222322982978664
1.46607657167524 0.206293097778035
1.50098315671512 0.192044310933031
1.53588974175501 0.179367081460638
1.5707963267949 0.168135684771046
1.60570291183478 0.158140579881242
1.64060949687467 0.14931890449632
1.67551608191456 0.14150302582987
1.71042266695444 0.13454626519378
1.74532925199433 0.128364806194844
1.78023583703422 0.122937694734762
1.8151424220741 0.118181114420327
1.85004900711399 0.114136973448142
1.88495559215388 0.110616684933494
1.91986217719376 0.107620248876383
1.95476876223365 0.105189573473411
1.98967534727354 0.103115117741565
2.02458193231342 0.101501652172351
2.05948851735331 0.10034917676577
2.0943951023932 0.099678645620123
2.12930168743308 0.0993852882439023
2.16420827247297 0.0994900587354097
2.19911485751286 0.0999510488980422
2.23402144255274 0.100873029223307
2.26892802759263 0.1021931374163
2.30383461263252 0.103848511182117
2.3387411976724 0.105922966913963
2.37364778271229 0.10843745871014
2.40855436775217 0.111350078374045
2.44346095279206 0.114660825905679
2.47836753783195 0.11836970130504
2.51327412287183 0.122371934080622
2.54818070791172 0.12675134062563
2.58308729295161 0.131235517662146
2.61799387799149 0.13597114387828
2.65290046303138 0.140916311077428
2.68780704807127 0.14575670778507
2.72271363311115 0.150240884821585
2.75762021815104 0.154326933990373
2.79252680319093 0.158077717586338
2.82743338823081 0.161053199545147
2.8623399732707 0.162499032327949
2.89724655831059 0.161598006100986
2.93215314335047 0.158643478240477
2.96705972839036 0.154725061858101
3.00196631343025 0.151980074980608
3.03687289847013 0.153132550387189
3.07177948351002 0.159146376599713
3.10668606854991 0.167213704445781
3.14159265358979 0.171886468367011
