lambda
350,360,370,380,390,400,410,420,430,440,450,460,470,480,490,500,510,520,530,540,550,560,570,580,590,600,610,620,630,640,650,660,670,680,690,700,710,720,730,740,750,760,770,780,790,800,810,820,830,840,850,860,870,880,890,900,910,920,930,940,950,960,970,980,990,1000
c_w
2.5
c_o3
300
co2
450
p
101.25
h
50
t
15
tau_aer
0.1196,0.11846,0.11732,0.11618,0.11504,0.1139,0.113,0.1121,0.1112,0.1103,0.1094,0.10862,0.10784,0.10706,0.10628,0.1055,0.10484,0.10418,0.10352,0.10286,0.1022,0.101652,0.101104,0.100556,0.100008,0.09946,0.098948,0.098436,0.097924,0.097412,0.0969,0.09644,0.09598,0.09552,0.09506,0.0946,0.094212,0.093824,0.093436,0.093048,0.09266,0.092208,0.091756,0.091304,0.090852,0.0904,0.090038,0.089676,0.089314,0.088952,0.08859,0.088228,0.087866,0.087504,0.087142,0.08678,0.086432,0.086084,0.085736,0.085388,0.08504,0.084692,0.084344,0.083996,0.083648,0.0833
w0_a
0.9949,0.99504,0.99518,0.99532,0.99546,0.9956,0.9957,0.9958,0.9959,0.996,0.9961,0.99618,0.99626,0.99634,0.99642,0.9965,0.99646,0.99642,0.99638,0.99634,0.9963,0.99636,0.99642,0.99648,0.99654,0.9966,0.99656,0.99652,0.99648,0.99644,0.9964,0.99646,0.99652,0.99658,0.99664,0.9967,0.99662,0.99654,0.99646,0.99638,0.9963,0.99624,0.99618,0.99612,0.99606,0.996,0.99593,0.99586,0.99579,0.99572,0.99565,0.99558,0.99551,0.99544,0.99537,0.9953,0.99524,0.99518,0.99512,0.99506,0.995,0.99494,0.99488,0.99482,0.99476,0.9947
sza
0
rho
0.0709054107401327,0.0711090687199768,0.071101663171688,0.0711518450908105,0.0712792424685212,0.0714125167142254,0.0715358422665052,0.0717407285936719,0.0720226593257427,0.072318787580194,0.0727660331443906,0.0732826036894427,0.0738936512465268,0.0746250461628481,0.0753459638861683,0.0761082611629091,0.0769900120393182,0.0779610891066051,0.0788734559651381,0.0796143378207533,0.0801529753350866,0.0807924773276118,0.0810431861243829,0.0803830507763693,0.078548874361635,0.0757694791448769,0.0744749733771863,0.0740791747970926,0.0738194153184959,0.0736107443758211,0.073377693046365,0.0725509026691662,0.0722118881706921,0.0724689168767098,0.0723029928592,0.0710640770879788,0.0698973637302423,0.0689719923257935,0.0682375686362186,0.0677977623281741,0.0677039481913202,0.0678804485552849,0.0676096013220497,0.0675577683860514,0.0675744919611182,0.0675937103674453,0.0675799407600465,0.0675263936115056,0.0673176259338393,0.0671631012662456,0.0670815383700917,0.0670536584292147,0.0670480545433028,0.0670073883948946,0.0669581443732653,0.0670185386983604,0.0669507065960568,0.0668032283124711,0.0668334253417558,0.0667048991351175,0.066481081836729,0.0664502276097532,0.0664329902270104,0.0664159098779501,0.0663988284259445,0.066381904047264
f_0
1056.2393806148,1077.44600115619,1319.64645093658,1210.80710958336,1272.08435066407,1797.7139732245,1704.04030524308,1774.48771460121,1406.34738840245,1886.27564601951,2161.68282644811,2124.03091135712,2052.54615214744,2165.11931533784,2094.23440919212,1999.02078846519,1962.57405315657,1874.00145485992,1955.77359186236,1866.22658907204,1942.63761304076,1827.05286631908,1843.87813329461,1858.76757436603,1750.4725131451,1801.45843136152,1743.61142036339,1731.11358560377,1698.49374085922,1654.00464563708,1623.23811974488,1591.71610955789,1567.0680367325,1526.44919002161,1524.52070378318,1491.43910099031,1448.98436663885,1399.08107814706,1367.5359887098,1315.92682096676,1309.46773619859,1304.9139195126,1266.90122832934,1199.3129207008,1194.47061838998,1154.08518136198,1134.05579567207,1095.70233654894,1089.93968892435,1073.44190730817,947.607355944556,1010.13613874079,1003.10082747239,986.570441623669,964.341609844869,919.107410138753,901.030010381883,891.271123114092,874.096308449792,853.660874631291,841.449919066838,817.410461681626,804.346737634611,781.595908178606,762.126945307008,750.860064749514
zenith
0,1,2,3,4,5,6,7,8,9,10,11,12,13,14,15,16,17,18,19,20,21,22,23,24,25,26,27,28,29,30,31,32,33,34,35,36,37,38,39,40,41,42,43,44,45,46,47,48,49,50,51,52,53,54,55,56,57,58,59,60,61,62,63,64,65,66,67,68,69,70,71,72,73,74,75,76,77,78,79,80,81,82,83,84,85,86,87,88,89,90
razimuth
0,1,2,3,4,5,6,7,8,9,10,11,12,13,14,15,16,17,18,19,20,21,22,23,24,25,26,27,28,29,30,31,32,33,34,35,36,37,38,39,40,41,42,43,44,45,46,47,48,49,50,51,52,53,54,55,56,57,58,59,60,61,62,63,64,65,66,67,68,69,70,71,72,73,74,75,76,77,78,79,80,81,82,83,84,85,86,87,88,89,90,91,92,93,94,95,96,97,98,99,100,101,102,103,104,105,106,107,108,109,110,111,112,113,114,115,116,117,118,119,120,121,122,123,124,125,126,127,128,129,130,131,132,133,134,135,136,137,138,139,140,141,142,143,144,145,146,147,148,149,150,151,152,153,154,155,156,157,158,159,160,161,162,163,164,165,166,167,168,169,170,171,172,173,174,175,176,177,178,179,180
p_a
0 246.103273414286
0.00174532925199433 236.84353486609
0.00349065850398866 218.529829737435
0.00523598775598299 201.512488005527
0.00698131700797732 187.561148592911
0.00872664625997165 176.305421957659
0.010471975511966 167.086837803011
0.0122173047639603 159.349811816073
0.0139626340159546 152.703377258145
0.015707963267949 146.7771445873
0.0174532925199433 141.468227819667
0.0191986217719376 136.591432184284
0.020943951023932 132.002717303733
0.0226892802759263 127.743237571563
0.0244346095279206 123.648375413583
0.0261799387799149 119.779862420114
0.0279252680319093 116.034812607288
0.0296705972839036 112.474957565426
0.0314159265358979 109.017988507432
0.0331612557878923 105.684482630082
0.0349065850398866 102.495017130147
0.0523598775598299 75.8269701113416
0.0698131700797732 56.9371034730209
0.0872664625997165 43.7265431442608
0.10471975511966 34.405073005743
0.139626340159546 22.7172252382418
0.174532925199433 16.0995987557975
0.20943951023932 12.1035071423314
0.244346095279206 9.55810790141606
0.279252680319093 7.83168109209677
0.314159265358979 6.59499156599321
0.349065850398866 5.63609419633554
0.383972435438752 4.84798755990016
0.418879020478639 4.20803674023592
0.453785605518526 3.67920278315003
0.488692190558412 3.23679305251398
0.523598775598299 2.85817263187662
0.558505360638185 2.51864888510942
0.593411945678072 2.22233725156714
0.628318530717959 1.96594537976596
0.663225115757845 1.74576937428663
0.698131700797732 1.55810533970985
0.733038285837618 1.38628574664887
0.767944870877505 1.23812992987773
0.802851455917391 1.09758767591288
0.837758040957278 0.984413093657146
0.872664625997165 0.886259865046264
0.907571211037051 0.790164356112759
0.942477796076938 0.70518053343709
0.977384381116825 0.637481556051387
1.01229096615671 0.579042317213881
1.0471975511966 0.519574218537687
1.08210413623648 0.465456191022672
1.11701072127637 0.42183253386228
1.15191730631626 0.384382035734019
1.18682389135614 0.350018117121824
1.22173047639603 0.317506146219268
1.25663706143592 0.289109614671465
1.2915436464758 0.265857382317105
1.32645023151569 0.245074413575598
1.36135681655558 0.222439497124451
1.39626340159546 0.20480483948933
1.43116998663535 0.19377546201859
1.46607657167524 0.18056490168983
1.50098315671512 0.165625856832073
1.53588974175501 0.155049177690355
1.5707963267949 0.148135239574369
1.60570291183478 0.138443379893923
1.64060949687467 0.129718648461845
1.67551608191456 0.126241102207078
1.71042266695444 0.122125662852324
1.74532925199433 0.114861912391183
1.78023583703422 0.108873948130016
1.8151424220741 0.106116603762331
1.85004900711399 0.103503299772062
1.88495559215388 0.0998199815495571
1.91986217719376 0.0970009055915507
1.95476876223365 0.095004917504495
1.98967534727354 0.0943052928141869
2.02458193231342 0.0935027821400098
2.05948851735331 0.0931118154013082
2.0943951023932 0.0936056681238787
2.12930168743308 0.0942641384206393
2.16420827247297 0.0944287559948295
2.19911485751286 0.0966305160496228
2.23402144255274 0.101322116914042
2.26892802759263 0.105314093088154
2.30383461263252 0.11014973432999
2.3387411976724 0.117372330397583
2.37364778271229 0.127228807652218
2.40855436775217 0.139924938061634
2.44346095279206 0.154143781032309
2.47836753783195 0.169803027777148
2.51327412287183 0.188651740021921
2.54818070791172 0.208652775286025
2.58308729295161 0.225937620575992
2.61799387799149 0.244662869640123
2.65290046303138 0.261947714930089
2.68780704807127 0.267915101994482
2.72271363311115 0.269149733800909
2.75762021815104 0.275528664800777
2.79252680319093 0.288080754832777
2.82743338823081 0.303719424380842
2.8623399732707 0.32265044541271
2.89724655831059 0.33520253544471
2.93215314335047 0.337671799057562
2.96705972839036 0.326560112799726
3.00196631343025 0.311744531122612
3.03687289847013 0.308452179638809
3.07177948351002 0.321415813606284
3.10668606854991 0.392612914443527
3.14159265358979 0.481917948441688
