wl [nm]	refractive_index 	+/- error 
at T=15.0 degC, S=34.0 PSU, depol.ratio=0.039, Theta=90.0 deg
350.0	   1.3568427380	   0.0000300000
352.0	   1.3565319970	   0.0000300000
354.0	   1.3562275580	   0.0000300000
356.0	   1.3559292401	   0.0000300000
358.0	   1.3556368687	   0.0000300000
360.0	   1.3553502753	   0.0000300000
362.0	   1.3550692969	   0.0000300000
364.0	   1.3547937767	   0.0000300000
366.0	   1.3545235626	   0.0000300000
368.0	   1.3542585082	   0.0000300000
370.0	   1.3539984718	   0.0000300000
372.0	   1.3537433164	   0.0000300000
374.0	   1.3534929097	   0.0000300000
376.0	   1.3532471238	   0.0000300000
378.0	   1.3530058349	   0.0000300000
380.0	   1.3527689234	   0.0000300000
382.0	   1.3525362735	   0.0000300000
384.0	   1.3523077734	   0.0000300000
386.0	   1.3520833145	   0.0000300000
388.0	   1.3518627921	   0.0000300000
390.0	   1.3516461046	   0.0000300000
392.0	   1.3514331538	   0.0000300000
394.0	   1.3512238444	   0.0000300000
396.0	   1.3510180843	   0.0000300000
398.0	   1.3508157841	   0.0000300000
400.0	   1.3506168574	   0.0000300000
402.0	   1.3504212203	   0.0000300000
404.0	   1.3502287916	   0.0000300000
406.0	   1.3500394924	   0.0000300000
408.0	   1.3498532465	   0.0000300000
410.0	   1.3496699798	   0.0000300000
412.0	   1.3494896204	   0.0000300000
414.0	   1.3493120987	   0.0000300000
416.0	   1.3491373472	   0.0000300000
418.0	   1.3489653003	   0.0000300000
420.0	   1.3487958942	   0.0000300000
422.0	   1.3486290674	   0.0000300000
424.0	   1.3484647598	   0.0000300000
426.0	   1.3483029133	   0.0000300000
428.0	   1.3481434713	   0.0000300000
430.0	   1.3479863788	   0.0000300000
432.0	   1.3478315827	   0.0000300000
434.0	   1.3476790311	   0.0000300000
436.0	   1.3475286737	   0.0000300000
438.0	   1.3473804616	   0.0000300000
440.0	   1.3472343473	   0.0000300000
442.0	   1.3470902845	   0.0000300000
444.0	   1.3469482283	   0.0000300000
446.0	   1.3468081352	   0.0000300000
448.0	   1.3466699625	   0.0000300000
450.0	   1.3465336691	   0.0000300000
452.0	   1.3463992147	   0.0000300000
454.0	   1.3462665603	   0.0000300000
456.0	   1.3461356678	   0.0000300000
458.0	   1.3460065002	   0.0000300000
460.0	   1.3458790215	   0.0000300000
462.0	   1.3457531967	   0.0000300000
464.0	   1.3456289915	   0.0000300000
466.0	   1.3455063729	   0.0000300000
468.0	   1.3453853085	   0.0000300000
470.0	   1.3452657666	   0.0000300000
472.0	   1.3451477168	   0.0000300000
474.0	   1.3450311289	   0.0000300000
476.0	   1.3449159740	   0.0000300000
478.0	   1.3448022236	   0.0000300000
480.0	   1.3446898501	   0.0000300000
482.0	   1.3445788265	   0.0000300000
484.0	   1.3444691266	   0.0000300000
486.0	   1.3443607247	   0.0000300000
488.0	   1.3442535958	   0.0000300000
490.0	   1.3441477157	   0.0000300000
492.0	   1.3440430606	   0.0000300000
494.0	   1.3439396072	   0.0000300000
496.0	   1.3438373331	   0.0000300000
498.0	   1.3437362161	   0.0000300000
500.0	   1.3436362348	   0.0000300000
502.0	   1.3435373681	   0.0000300000
504.0	   1.3434395957	   0.0000300000
506.0	   1.3433428975	   0.0000300000
508.0	   1.3432472540	   0.0000300000
510.0	   1.3431526461	   0.0000300000
512.0	   1.3430590553	   0.0000300000
514.0	   1.3429664634	   0.0000300000
516.0	   1.3428748527	   0.0000300000
518.0	   1.3427842059	   0.0000300000
520.0	   1.3426945059	   0.0000300000
522.0	   1.3426057364	   0.0000300000
524.0	   1.3425178812	   0.0000300000
526.0	   1.3424309244	   0.0000300000
528.0	   1.3423448507	   0.0000300000
530.0	   1.3422596450	   0.0000300000
532.0	   1.3421752926	   0.0000300000
534.0	   1.3420917791	   0.0000300000
536.0	   1.3420090905	   0.0000300000
538.0	   1.3419272128	   0.0000300000
540.0	   1.3418461328	   0.0000300000
542.0	   1.3417658372	   0.0000300000
544.0	   1.3416863132	   0.0000300000
546.0	   1.3416075482	   0.0000300000
548.0	   1.3415295299	   0.0000300000
550.0	   1.3414522463	   0.0000300000
552.0	   1.3413756855	   0.0000300000
554.0	   1.3412998360	   0.0000300000
556.0	   1.3412246866	   0.0000300000
558.0	   1.3411502261	   0.0000300000
560.0	   1.3410764439	   0.0000300000
562.0	   1.3410033293	   0.0000300000
564.0	   1.3409308719	   0.0000300000
566.0	   1.3408590616	   0.0000300000
568.0	   1.3407878886	   0.0000300000
570.0	   1.3407173429	   0.0000300000
572.0	   1.3406474152	   0.0000300000
574.0	   1.3405780962	   0.0000300000
576.0	   1.3405093765	   0.0000300000
578.0	   1.3404412474	   0.0000300000
580.0	   1.3403737001	   0.0000300000
582.0	   1.3403067259	   0.0000300000
584.0	   1.3402403164	   0.0000300000
586.0	   1.3401744635	   0.0000300000
588.0	   1.3401091589	   0.0000300000
590.0	   1.3400443948	   0.0000300000
592.0	   1.3399801634	   0.0000300000
594.0	   1.3399164571	   0.0000300000
596.0	   1.3398532684	   0.0000300000
598.0	   1.3397905900	   0.0000300000
600.0	   1.3397284148	   0.0000300000
602.0	   1.3396667356	   0.0000300000
604.0	   1.3396055456	   0.0000300000
606.0	   1.3395448380	   0.0000300000
608.0	   1.3394846061	   0.0000300000
610.0	   1.3394248435	   0.0000300000
612.0	   1.3393655438	   0.0000300000
614.0	   1.3393067006	   0.0000300000
616.0	   1.3392483079	   0.0000300000
618.0	   1.3391903595	   0.0000300000
620.0	   1.3391328496	   0.0000300000
622.0	   1.3390757723	   0.0000300000
624.0	   1.3390191219	   0.0000300000
626.0	   1.3389628928	   0.0000300000
628.0	   1.3389070795	   0.0000300000
630.0	   1.3388516767	   0.0000300000
632.0	   1.3387966789	   0.0000300000
634.0	   1.3387420810	   0.0000300000
636.0	   1.3386878779	   0.0000300000
638.0	   1.3386340646	   0.0000300000
640.0	   1.3385806360	   0.0000300000
642.0	   1.3385275874	   0.0000300000
644.0	   1.3384749140	   0.0000300000
646.0	   1.3384226111	   0.0000300000
648.0	   1.3383706742	   0.0000300000
650.0	   1.3383190986	   0.0000300000
652.0	   1.3382678800	   0.0000300000
654.0	   1.3382170140	   0.0000300000
656.0	   1.3381664963	   0.0000300000
658.0	   1.3381163228	   0.0000300000
660.0	   1.3380664891	   0.0000300000
662.0	   1.3380169914	   0.0000300000
664.0	   1.3379678256	   0.0000300000
666.0	   1.3379189877	   0.0000300000
668.0	   1.3378704739	   0.0000300000
670.0	   1.3378222804	   0.0000300000
672.0	   1.3377744034	   0.0000300000
674.0	   1.3377268393	   0.0000300000
676.0	   1.3376795844	   0.0000300000
678.0	   1.3376326353	   0.0000300000
680.0	   1.3375859883	   0.0000300000
682.0	   1.3375396400	   0.0000300000
684.0	   1.3374935871	   0.0000300000
686.0	   1.3374478262	   0.0000300000
688.0	   1.3374023541	   0.0000300000
690.0	   1.3373571675	   0.0000300000
692.0	   1.3373122632	   0.0000300000
694.0	   1.3372676382	   0.0000300000
696.0	   1.3372232893	   0.0000300000
698.0	   1.3371792135	   0.0000300000
700.0	   1.3371354078	   0.0005000000
702.0	   1.3370918694	   0.0005000000
704.0	   1.3370485953	   0.0005000000
706.0	   1.3370055826	   0.0005000000
708.0	   1.3369628287	   0.0005000000
710.0	   1.3369203307	   0.0005000000
712.0	   1.3368780858	   0.0005000000
714.0	   1.3368360915	   0.0005000000
716.0	   1.3367943452	   0.0005000000
718.0	   1.3367528441	   0.0005000000
720.0	   1.3367115859	   0.0005000000
722.0	   1.3366705678	   0.0005000000
724.0	   1.3366297876	   0.0005000000
726.0	   1.3365892427	   0.0005000000
728.0	   1.3365489307	   0.0005000000
730.0	   1.3365088493	   0.0005000000
732.0	   1.3364689962	   0.0005000000
734.0	   1.3364293689	   0.0005000000
736.0	   1.3363899654	   0.0005000000
738.0	   1.3363507833	   0.0005000000
740.0	   1.3363118204	   0.0005000000
742.0	   1.3362730746	   0.0005000000
744.0	   1.3362345438	   0.0005000000
746.0	   1.3361962258	   0.0005000000
748.0	   1.3361581185	   0.0005000000
750.0	   1.3361202200	   0.0005000000
752.0	   1.3360825281	   0.0005000000
754.0	   1.3360450409	   0.0005000000
756.0	   1.3360077565	   0.0005000000
758.0	   1.3359706729	   0.0005000000
760.0	   1.3359337882	   0.0005000000
762.0	   1.3358971005	   0.0005000000
764.0	   1.3358606080	   0.0005000000
766.0	   1.3358243088	   0.0005000000
768.0	   1.3357882011	   0.0005000000
770.0	   1.3357522832	   0.0005000000
772.0	   1.3357165533	   0.0005000000
774.0	   1.3356810096	   0.0005000000
776.0	   1.3356456505	   0.0005000000
778.0	   1.3356104743	   0.0005000000
780.0	   1.3355754792	   0.0005000000
782.0	   1.3355406637	   0.0005000000
784.0	   1.3355060262	   0.0005000000
786.0	   1.3354715650	   0.0005000000
788.0	   1.3354372786	   0.0005000000
790.0	   1.3354031655	   0.0005000000
792.0	   1.3353692239	   0.0005000000
794.0	   1.3353354526	   0.0005000000
796.0	   1.3353018499	   0.0005000000
798.0	   1.3352684144	   0.0005000000
800.0	   1.3352351447	   0.0005000000
802.0	   1.3352051447	   0.0005000000
804.0	   1.3351771447	   0.0005000000
806.0	   1.3351481447	   0.0005000000
808.0	   1.3351201447	   0.0005000000
810.0	   1.3350931447	   0.0005000000
812.0	   1.3350651447	   0.0005000000
814.0	   1.3350381447	   0.0005000000
816.0	   1.3350101447	   0.0005000000
818.0	   1.3349831447	   0.0005000000
820.0	   1.3349561447	   0.0005000000
822.0	   1.3349291447	   0.0005000000
824.0	   1.3349031447	   0.0005000000
826.0	   1.3348761447	   0.0005000000
828.0	   1.3348501447	   0.0005000000
830.0	   1.3348231447	   0.0005000000
832.0	   1.3347971447	   0.0005000000
834.0	   1.3347711447	   0.0005000000
836.0	   1.3347451447	   0.0005000000
838.0	   1.3347191447	   0.0005000000
840.0	   1.3346931447	   0.0005000000
842.0	   1.3346671447	   0.0005000000
844.0	   1.3346411447	   0.0005000000
846.0	   1.3346161447	   0.0005000000
848.0	   1.3345901447	   0.0005000000
850.0	   1.3345651447	   0.0005000000
852.0	   1.3345401447	   0.0005000000
854.0	   1.3345151447	   0.0005000000
856.0	   1.3344901447	   0.0005000000
858.0	   1.3344651447	   0.0005000000
860.0	   1.3344401447	   0.0005000000
862.0	   1.3344151447	   0.0005000000
864.0	   1.3343901447	   0.0005000000
866.0	   1.3343651447	   0.0005000000
868.0	   1.3343411447	   0.0005000000
870.0	   1.3343161447	   0.0005000000
872.0	   1.3342921447	   0.0005000000
874.0	   1.3342681447	   0.0005000000
876.0	   1.3342431447	   0.0005000000
878.0	   1.3342191447	   0.0005000000
880.0	   1.3341951447	   0.0005000000
882.0	   1.3341711447	   0.0005000000
884.0	   1.3341471447	   0.0005000000
886.0	   1.3341231447	   0.0005000000
888.0	   1.3340991447	   0.0005000000
890.0	   1.3340761447	   0.0005000000
892.0	   1.3340521447	   0.0005000000
894.0	   1.3340281447	   0.0005000000
896.0	   1.3340051447	   0.0005000000
898.0	   1.3339811447	   0.0005000000
900.0	   1.3339581447	   0.0005000000
902.0	   1.3339341447	   0.0005000000
904.0	   1.3339111447	   0.0005000000
906.0	   1.3338881447	   0.0005000000
908.0	   1.3338651447	   0.0005000000
910.0	   1.3338411447	   0.0005000000
912.0	   1.3338181447	   0.0005000000
914.0	   1.3337951447	   0.0005000000
916.0	   1.3337721447	   0.0005000000
918.0	   1.3337501447	   0.0005000000
920.0	   1.3337271447	   0.0005000000
922.0	   1.3337041447	   0.0005000000
924.0	   1.3336811447	   0.0005000000
926.0	   1.3336581447	   0.0005000000
928.0	   1.3336361447	   0.0005000000
930.0	   1.3336131447	   0.0005000000
932.0	   1.3335911447	   0.0005000000
934.0	   1.3335681447	   0.0005000000
936.0	   1.3335461447	   0.0005000000
938.0	   1.3335241447	   0.0005000000
940.0	   1.3335011447	   0.0005000000
942.0	   1.3334791447	   0.0005000000
944.0	   1.3334571447	   0.0005000000
946.0	   1.3334351447	   0.0005000000
948.0	   1.3334131447	   0.0005000000
950.0	   1.3333901447	   0.0005000000
952.0	   1.3333681447	   0.0005000000
954.0	   1.3333461447	   0.0005000000
956.0	   1.3333241447	   0.0005000000
958.0	   1.3333031447	   0.0005000000
960.0	   1.3332811447	   0.0005000000
962.0	   1.3332591447	   0.0005000000
964.0	   1.3332371447	   0.0005000000
966.0	   1.3332151447	   0.0005000000
968.0	   1.3331941447	   0.0005000000
970.0	   1.3331721447	   0.0005000000
972.0	   1.3331501447	   0.0005000000
974.0	   1.3331291447	   0.0005000000
976.0	   1.3331071447	   0.0005000000
978.0	   1.3330851447	   0.0005000000
980.0	   1.3330641447	   0.0005000000
982.0	   1.3330421447	   0.0005000000
984.0	   1.3330211447	   0.0005000000
986.0	   1.3329991447	   0.0005000000
988.0	   1.3329781447	   0.0005000000
990.0	   1.3329561447	   0.0005000000
992.0	   1.3329351447	   0.0005000000
994.0	   1.3329131447	   0.0005000000
996.0	   1.3328921447	   0.0005000000
998.0	   1.3328701447	   0.0005000000
1000.0	   1.3328491447	   0.0005000000
1002.0	   1.3328281447	   0.0005000000
1004.0	   1.3328061447	   0.0005000000
1006.0	   1.3327851447	   0.0005000000
1008.0	   1.3327641447	   0.0005000000
1010.0	   1.3327421447	   0.0005000000
1012.0	   1.3327211447	   0.0005000000
1014.0	   1.3327001447	   0.0005000000
1016.0	   1.3326791447	   0.0005000000
1018.0	   1.3326581447	   0.0005000000
1020.0	   1.3326371447	   0.0005000000
1022.0	   1.3326161447	   0.0005000000
1024.0	   1.3325951447	   0.0005000000
1026.0	   1.3325731447	   0.0005000000
1028.0	   1.3325521447	   0.0005000000
1030.0	   1.3325311447	   0.0005000000
1032.0	   1.3325101447	   0.0005000000
1034.0	   1.3324891447	   0.0005000000
1036.0	   1.3324681447	   0.0005000000
1038.0	   1.3324471447	   0.0005000000
1040.0	   1.3324261447	   0.0005000000
1042.0	   1.3324051447	   0.0005000000
1044.0	   1.3323841447	   0.0005000000
1046.0	   1.3323631447	   0.0005000000
1048.0	   1.3323421447	   0.0005000000
1050.0	   1.3323211447	   0.0005000000
1052.0	   1.3323001447	   0.0005000000
1054.0	   1.3322791447	   0.0005000000
1056.0	   1.3322581447	   0.0005000000
1058.0	   1.3322371447	   0.0005000000
1060.0	   1.3322161447	   0.0005000000
1062.0	   1.3321951447	   0.0005000000
1064.0	   1.3321731447	   0.0005000000
1066.0	   1.3321521447	   0.0005000000
1068.0	   1.3321311447	   0.0005000000
1070.0	   1.3321101447	   0.0005000000
1072.0	   1.3320891447	   0.0005000000
1074.0	   1.3320681447	   0.0005000000
1076.0	   1.3320471447	   0.0005000000
1078.0	   1.3320261447	   0.0005000000
1080.0	   1.3320051447	   0.0005000000
1082.0	   1.3319841447	   0.0005000000
1084.0	   1.3319631447	   0.0005000000
1086.0	   1.3319421447	   0.0005000000
1088.0	   1.3319211447	   0.0005000000
1090.0	   1.3319001447	   0.0005000000
1092.0	   1.3318791447	   0.0005000000
1094.0	   1.3318581447	   0.0005000000
1096.0	   1.3318371447	   0.0005000000
1098.0	   1.3318161447	   0.0005000000
1100.0	   1.3317951447	   0.0005000000
1102.0	   1.3317741447	   0.0005000000
1104.0	   1.3317531447	   0.0005000000
1106.0	   1.3317321447	   0.0005000000
1108.0	   1.3317111447	   0.0005000000
1110.0	   1.3316901447	   0.0005000000
1112.0	   1.3316691447	   0.0005000000
1114.0	   1.3316481447	   0.0005000000
1116.0	   1.3316271447	   0.0005000000
1118.0	   1.3316061447	   0.0005000000
1120.0	   1.3315851447	   0.0005000000
1122.0	   1.3315641447	   0.0005000000
1124.0	   1.3315431447	   0.0005000000
1126.0	   1.3315221447	   0.0005000000
1128.0	   1.3315011447	   0.0005000000
1130.0	   1.3314801447	   0.0005000000
1132.0	   1.3314591447	   0.0005000000
1134.0	   1.3314381447	   0.0005000000
1136.0	   1.3314161447	   0.0005000000
1138.0	   1.3313951447	   0.0005000000
1140.0	   1.3313741447	   0.0005000000
1142.0	   1.3313531447	   0.0005000000
1144.0	   1.3313321447	   0.0005000000
1146.0	   1.3313111447	   0.0005000000
1148.0	   1.3312901447	   0.0005000000
1150.0	   1.3312691447	   0.0005000000
1152.0	   1.3312481447	   0.0005000000
1154.0	   1.3312271447	   0.0005000000
1156.0	   1.3312051447	   0.0005000000
1158.0	   1.3311841447	   0.0005000000
1160.0	   1.3311631447	   0.0005000000
1162.0	   1.3311421447	   0.0005000000
1164.0	   1.3311211447	   0.0005000000
1166.0	   1.3311001447	   0.0005000000
1168.0	   1.3310791447	   0.0005000000
1170.0	   1.3310581447	   0.0005000000
1172.0	   1.3310371447	   0.0005000000
1174.0	   1.3310161447	   0.0005000000
1176.0	   1.3309941447	   0.0005000000
1178.0	   1.3309731447	   0.0005000000
1180.0	   1.3309521447	   0.0005000000
1182.0	   1.3309311447	   0.0005000000
1184.0	   1.3309101447	   0.0005000000
1186.0	   1.3308881447	   0.0005000000
1188.0	   1.3308671447	   0.0005000000
1190.0	   1.3308461447	   0.0005000000
1192.0	   1.3308251447	   0.0005000000
1194.0	   1.3308031447	   0.0005000000
1196.0	   1.3307821447	   0.0005000000
1198.0	   1.3307611447	   0.0005000000
1200.0	   1.3307391447	   0.0005000000
1202.0	   1.3307181447	   0.0005000000
1204.0	   1.3306961447	   0.0005000000
1206.0	   1.3306751447	   0.0005000000
1208.0	   1.3306531447	   0.0005000000
1210.0	   1.3306321447	   0.0005000000
1212.0	   1.3306111447	   0.0005000000
1214.0	   1.3305891447	   0.0005000000
1216.0	   1.3305681447	   0.0005000000
1218.0	   1.3305461447	   0.0005000000
1220.0	   1.3305251447	   0.0005000000
1222.0	   1.3305031447	   0.0005000000
1224.0	   1.3304811447	   0.0005000000
1226.0	   1.3304591447	   0.0005000000
1228.0	   1.3304381447	   0.0005000000
1230.0	   1.3304161447	   0.0005000000
1232.0	   1.3303941447	   0.0005000000
1234.0	   1.3303721447	   0.0005000000
1236.0	   1.3303511447	   0.0005000000
1238.0	   1.3303291447	   0.0005000000
1240.0	   1.3303071447	   0.0005000000
1242.0	   1.3302851447	   0.0005000000
1244.0	   1.3302631447	   0.0005000000
1246.0	   1.3302411447	   0.0005000000
1248.0	   1.3302191447	   0.0005000000
1250.0	   1.3301971447	   0.0005000000
1252.0	   1.3301751447	   0.0005000000
1254.0	   1.3301521447	   0.0005000000
1256.0	   1.3301301447	   0.0005000000
1258.0	   1.3301081447	   0.0005000000
1260.0	   1.3300851447	   0.0005000000
1262.0	   1.3300631447	   0.0005000000
1264.0	   1.3300401447	   0.0005000000
1266.0	   1.3300181447	   0.0005000000
1268.0	   1.3299951447	   0.0005000000
1270.0	   1.3299731447	   0.0005000000
1272.0	   1.3299501447	   0.0005000000
1274.0	   1.3299271447	   0.0005000000
1276.0	   1.3299051447	   0.0005000000
1278.0	   1.3298821447	   0.0005000000
1280.0	   1.3298601447	   0.0005000000
1282.0	   1.3298361447	   0.0005000000
1284.0	   1.3298131447	   0.0005000000
1286.0	   1.3297911447	   0.0005000000
1288.0	   1.3297681447	   0.0005000000
1290.0	   1.3297451447	   0.0005000000
1292.0	   1.3297221447	   0.0005000000
1294.0	   1.3296981447	   0.0005000000
1296.0	   1.3296751447	   0.0005000000
1298.0	   1.3296521447	   0.0005000000
1300.0	   1.3296291447	   0.0005000000
1302.0	   1.3296061447	   0.0005000000
1304.0	   1.3295821447	   0.0005000000
1306.0	   1.3295591447	   0.0005000000
1308.0	   1.3295361447	   0.0005000000
1310.0	   1.3295121447	   0.0005000000
1312.0	   1.3294891447	   0.0005000000
1314.0	   1.3294651447	   0.0005000000
1316.0	   1.3294411447	   0.0005000000
1318.0	   1.3294181447	   0.0005000000
1320.0	   1.3293941447	   0.0005000000
1322.0	   1.3293701447	   0.0005000000
1324.0	   1.3293461447	   0.0005000000
1326.0	   1.3293221447	   0.0005000000
1328.0	   1.3292981447	   0.0005000000
1330.0	   1.3292741447	   0.0005000000
1332.0	   1.3292501447	   0.0005000000
1334.0	   1.3292251447	   0.0005000000
1336.0	   1.3292011447	   0.0005000000
1338.0	   1.3291771447	   0.0005000000
1340.0	   1.3291531447	   0.0005000000
1342.0	   1.3291281447	   0.0005000000
1344.0	   1.3291031447	   0.0005000000
1346.0	   1.3290781447	   0.0005000000
1348.0	   1.3290541447	   0.0005000000
1350.0	   1.3290301447	   0.0005000000
1352.0	   1.3290051447	   0.0005000000
1354.0	   1.3289791447	   0.0005000000
1356.0	   1.3289541447	   0.0005000000
1358.0	   1.3289301447	   0.0005000000
1360.0	   1.3289051447	   0.0005000000
1362.0	   1.3288791447	   0.0005000000
1364.0	   1.3288541447	   0.0005000000
1366.0	   1.3288291447	   0.0005000000
1368.0	   1.3288041447	   0.0005000000
1370.0	   1.3287791447	   0.0005000000
1372.0	   1.3287551447	   0.0005000000
1374.0	   1.3287301447	   0.0005000000
1376.0	   1.3287061447	   0.0005000000
1378.0	   1.3286811447	   0.0005000000
1380.0	   1.3286561447	   0.0005000000
1382.0	   1.3286321447	   0.0005000000
1384.0	   1.3286091447	   0.0005000000
1386.0	   1.3285851447	   0.0005000000
1388.0	   1.3285601447	   0.0005000000
1390.0	   1.3285361447	   0.0005000000
1392.0	   1.3285131447	   0.0005000000
1394.0	   1.3284911447	   0.0005000000
1396.0	   1.3284671447	   0.0005000000
1398.0	   1.3284431447	   0.0005000000
1400.0	   1.3284201447	   0.0005000000
1402.0	   1.3283991447	   0.0005000000
1404.0	   1.3283781447	   0.0005000000
1406.0	   1.3283551447	   0.0005000000
1408.0	   1.3283321447	   0.0005000000
1410.0	   1.3283101447	   0.0005000000
1412.0	   1.3282901447	   0.0005000000
1414.0	   1.3282701447	   0.0005000000
1416.0	   1.3282471447	   0.0005000000
1418.0	   1.3282251447	   0.0005000000
1420.0	   1.3282031447	   0.0005000000
1422.0	   1.3281831447	   0.0005000000
1424.0	   1.3281631447	   0.0005000000
1426.0	   1.3281431447	   0.0005000000
1428.0	   1.3281221447	   0.0005000000
1430.0	   1.3281011447	   0.0005000000
1432.0	   1.3280811447	   0.0005000000
1434.0	   1.3280621447	   0.0005000000
1436.0	   1.3280421447	   0.0005000000
1438.0	   1.3280221447	   0.0005000000
1440.0	   1.3280021447	   0.0005000000
1442.0	   1.3279821447	   0.0005000000
1444.0	   1.3279621447	   0.0005000000
1446.0	   1.3279421447	   0.0005000000
1448.0	   1.3279231447	   0.0005000000
1450.0	   1.3279041447	   0.0005000000
1452.0	   1.3278831447	   0.0005000000
1454.0	   1.3278621447	   0.0005000000
1456.0	   1.3278421447	   0.0005000000
1458.0	   1.3278231447	   0.0005000000
1460.0	   1.3278031447	   0.0005000000
1462.0	   1.3277821447	   0.0005000000
1464.0	   1.3277601447	   0.0005000000
1466.0	   1.3277391447	   0.0005000000
1468.0	   1.3277191447	   0.0005000000
1470.0	   1.3276991447	   0.0005000000
1472.0	   1.3276761447	   0.0005000000
1474.0	   1.3276531447	   0.0005000000
1476.0	   1.3276311447	   0.0005000000
1478.0	   1.3276101447	   0.0005000000
1480.0	   1.3275891447	   0.0005000000
1482.0	   1.3275651447	   0.0005000000
1484.0	   1.3275411447	   0.0005000000
1486.0	   1.3275191447	   0.0005000000
1488.0	   1.3274971447	   0.0005000000
1490.0	   1.3274741447	   0.0005000000
1492.0	   1.3274491447	   0.0005000000
1494.0	   1.3274231447	   0.0005000000
1496.0	   1.3274001447	   0.0005000000
1498.0	   1.3273771447	   0.0005000000
1500.0	   1.3273531447	   0.0005000000
1502.0	   1.3273271447	   0.0005000000
1504.0	   1.3273011447	   0.0005000000
1506.0	   1.3272771447	   0.0005000000
1508.0	   1.3272531447	   0.0005000000
1510.0	   1.3272281447	   0.0005000000
1512.0	   1.3272011447	   0.0005000000
1514.0	   1.3271751447	   0.0005000000
1516.0	   1.3271491447	   0.0005000000
1518.0	   1.3271241447	   0.0005000000
1520.0	   1.3270981447	   0.0005000000
1522.0	   1.3270711447	   0.0005000000
1524.0	   1.3270441447	   0.0005000000
1526.0	   1.3270181447	   0.0005000000
1528.0	   1.3269921447	   0.0005000000
1530.0	   1.3269651447	   0.0005000000
1532.0	   1.3269371447	   0.0005000000
1534.0	   1.3269091447	   0.0005000000
1536.0	   1.3268821447	   0.0005000000
1538.0	   1.3268561447	   0.0005000000
1540.0	   1.3268281447	   0.0005000000
1542.0	   1.3268001447	   0.0005000000
1544.0	   1.3267721447	   0.0005000000
1546.0	   1.3267451447	   0.0005000000
1548.0	   1.3267171447	   0.0005000000
1550.0	   1.3266901447	   0.0005000000
1552.0	   1.3266611447	   0.0005000000
1554.0	   1.3266331447	   0.0005000000
1556.0	   1.3266051447	   0.0005000000
1558.0	   1.3265771447	   0.0005000000
1560.0	   1.3265491447	   0.0005000000
1562.0	   1.3265211447	   0.0005000000
1564.0	   1.3264921447	   0.0005000000
1566.0	   1.3264641447	   0.0005000000
1568.0	   1.3264361447	   0.0005000000
1570.0	   1.3264071447	   0.0005000000
1572.0	   1.3263781447	   0.0005000000
1574.0	   1.3263491447	   0.0005000000
1576.0	   1.3263201447	   0.0005000000
1578.0	   1.3262911447	   0.0005000000
1580.0	   1.3262631447	   0.0005000000
1582.0	   1.3262341447	   0.0005000000
1584.0	   1.3262041447	   0.0005000000
1586.0	   1.3261751447	   0.0005000000
1588.0	   1.3261461447	   0.0005000000
1590.0	   1.3261171447	   0.0005000000
1592.0	   1.3260871447	   0.0005000000
1594.0	   1.3260571447	   0.0005000000
1596.0	   1.3260281447	   0.0005000000
1598.0	   1.3259981447	   0.0005000000
1600.0	   1.3259691447	   0.0005000000
1602.0	   1.3259391447	   0.0005000000
1604.0	   1.3259091447	   0.0005000000
1606.0	   1.3258801447	   0.0005000000
1608.0	   1.3258501447	   0.0005000000
1610.0	   1.3258211447	   0.0005000000
1612.0	   1.3257911447	   0.0005000000
1614.0	   1.3257611447	   0.0005000000
1616.0	   1.3257321447	   0.0005000000
1618.0	   1.3257021447	   0.0005000000
1620.0	   1.3256721447	   0.0005000000
1622.0	   1.3256421447	   0.0005000000
1624.0	   1.3256111447	   0.0005000000
1626.0	   1.3255811447	   0.0005000000
1628.0	   1.3255501447	   0.0005000000
1630.0	   1.3255191447	   0.0005000000
1632.0	   1.3254881447	   0.0005000000
1634.0	   1.3254581447	   0.0005000000
1636.0	   1.3254271447	   0.0005000000
1638.0	   1.3253961447	   0.0005000000
1640.0	   1.3253651447	   0.0005000000
1642.0	   1.3253341447	   0.0005000000
1644.0	   1.3253031447	   0.0005000000
1646.0	   1.3252721447	   0.0005000000
1648.0	   1.3252421447	   0.0005000000
1650.0	   1.3252101447	   0.0005000000
1652.0	   1.3251791447	   0.0005000000
1654.0	   1.3251461447	   0.0005000000
1656.0	   1.3251151447	   0.0005000000
1658.0	   1.3250861447	   0.0005000000
1660.0	   1.3250561447	   0.0005000000
1662.0	   1.3250231447	   0.0005000000
1664.0	   1.3249911447	   0.0005000000
1666.0	   1.3249651447	   0.0005000000
1668.0	   1.3249211447	   0.0005000000
1670.0	   1.3248781447	   0.0005000000
1672.0	   1.3248351447	   0.0005000000
1674.0	   1.3247911447	   0.0005000000
1676.0	   1.3247471447	   0.0005000000
1678.0	   1.3247031447	   0.0005000000
1680.0	   1.3246591447	   0.0005000000
1682.0	   1.3246141447	   0.0005000000
1684.0	   1.3245691447	   0.0005000000
1686.0	   1.3245251447	   0.0005000000
1688.0	   1.3244791447	   0.0005000000
1690.0	   1.3244341447	   0.0005000000
1692.0	   1.3243881447	   0.0005000000
1694.0	   1.3243421447	   0.0005000000
1696.0	   1.3242961447	   0.0005000000
1698.0	   1.3242501447	   0.0005000000
1700.0	   1.3242031447	   0.0005000000
1702.0	   1.3241561447	   0.0005000000
1704.0	   1.3241091447	   0.0005000000
1706.0	   1.3240621447	   0.0005000000
1708.0	   1.3240141447	   0.0005000000
1710.0	   1.3239661447	   0.0005000000
1712.0	   1.3239181447	   0.0005000000
1714.0	   1.3238701447	   0.0005000000
1716.0	   1.3238221447	   0.0005000000
1718.0	   1.3237731447	   0.0005000000
1720.0	   1.3237241447	   0.0005000000
1722.0	   1.3236751447	   0.0005000000
1724.0	   1.3236251447	   0.0005000000
1726.0	   1.3235761447	   0.0005000000
1728.0	   1.3235261447	   0.0005000000
1730.0	   1.3234761447	   0.0005000000
1732.0	   1.3234251447	   0.0005000000
1734.0	   1.3233741447	   0.0005000000
1736.0	   1.3233231447	   0.0005000000
1738.0	   1.3232721447	   0.0005000000
1740.0	   1.3232211447	   0.0005000000
1742.0	   1.3231691447	   0.0005000000
1744.0	   1.3231171447	   0.0005000000
1746.0	   1.3230651447	   0.0005000000
1748.0	   1.3230131447	   0.0005000000
1750.0	   1.3229601447	   0.0005000000
1752.0	   1.3229081447	   0.0005000000
1754.0	   1.3228561447	   0.0005000000
1756.0	   1.3228031447	   0.0005000000
1758.0	   1.3227481447	   0.0005000000
1760.0	   1.3226951447	   0.0005000000
1762.0	   1.3226411447	   0.0005000000
1764.0	   1.3225871447	   0.0005000000
1766.0	   1.3225331447	   0.0005000000
1768.0	   1.3224791447	   0.0005000000
1770.0	   1.3224251447	   0.0005000000
1772.0	   1.3223721447	   0.0005000000
1774.0	   1.3223171447	   0.0005000000
1776.0	   1.3222611447	   0.0005000000
1778.0	   1.3222051447	   0.0005000000
1780.0	   1.3221511447	   0.0005000000
1782.0	   1.3220941447	   0.0005000000
1784.0	   1.3220381447	   0.0005000000
1786.0	   1.3219811447	   0.0005000000
1788.0	   1.3219241447	   0.0005000000
1790.0	   1.3218661447	   0.0005000000
1792.0	   1.3218081447	   0.0005000000
1794.0	   1.3217491447	   0.0005000000
1796.0	   1.3216901447	   0.0005000000
1798.0	   1.3216301447	   0.0005000000
1800.0	   1.3215691447	   0.0005000000
1802.0	   1.3215081447	   0.0005000000
1804.0	   1.3214471447	   0.0005000000
1806.0	   1.3213861447	   0.0005000000
1808.0	   1.3213231447	   0.0005000000
1810.0	   1.3212611447	   0.0005000000
1812.0	   1.3211971447	   0.0005000000
1814.0	   1.3211361447	   0.0005000000
1816.0	   1.3210691447	   0.0005000000
1818.0	   1.3210251447	   0.0005000000
1820.0	   1.3209821447	   0.0005000000
1822.0	   1.3209271447	   0.0005000000
1824.0	   1.3208681447	   0.0005000000
1826.0	   1.3207991447	   0.0005000000
1828.0	   1.3207341447	   0.0005000000
1830.0	   1.3206601447	   0.0005000000
1832.0	   1.3205671447	   0.0005000000
1834.0	   1.3204741447	   0.0005000000
1836.0	   1.3203921447	   0.0005000000
1838.0	   1.3203161447	   0.0005000000
1840.0	   1.3202471447	   0.0005000000
1842.0	   1.3201811447	   0.0005000000
1844.0	   1.3201031447	   0.0005000000
1846.0	   1.3200171447	   0.0005000000
1848.0	   1.3199141447	   0.0005000000
1850.0	   1.3198011447	   0.0005000000
1852.0	   1.3196911447	   0.0005000000
1854.0	   1.3196091447	   0.0005000000
1856.0	   1.3195381447	   0.0005000000
1858.0	   1.3194551447	   0.0005000000
1860.0	   1.3193711447	   0.0005000000
1862.0	   1.3192921447	   0.0005000000
1864.0	   1.3192071447	   0.0005000000
1866.0	   1.3191171447	   0.0005000000
1868.0	   1.3190131447	   0.0005000000
1870.0	   1.3188971447	   0.0005000000
1872.0	   1.3187821447	   0.0005000000
1874.0	   1.3186671447	   0.0005000000
1876.0	   1.3185581447	   0.0005000000
1878.0	   1.3184531447	   0.0005000000
1880.0	   1.3183511447	   0.0005000000
1882.0	   1.3182531447	   0.0005000000
1884.0	   1.3181541447	   0.0005000000
1886.0	   1.3180571447	   0.0005000000
1888.0	   1.3179751447	   0.0005000000
1890.0	   1.3179031447	   0.0005000000
1892.0	   1.3178371447	   0.0005000000
1894.0	   1.3177801447	   0.0005000000
1896.0	   1.3177361447	   0.0005000000
1898.0	   1.3176981447	   0.0005000000
1900.0	   1.3176781447	   0.0005000000
1902.0	   1.3176741447	   0.0005000000
1904.0	   1.3176801447	   0.0005000000
1906.0	   1.3176931447	   0.0005000000
1908.0	   1.3177061447	   0.0005000000
1910.0	   1.3177091447	   0.0005000000
1912.0	   1.3177181447	   0.0005000000
1914.0	   1.3177391447	   0.0005000000
1916.0	   1.3177581447	   0.0005000000
1918.0	   1.3177701447	   0.0005000000
1920.0	   1.3177731447	   0.0005000000
1922.0	   1.3177681447	   0.0005000000
1924.0	   1.3177691447	   0.0005000000
1926.0	   1.3177701447	   0.0005000000
1928.0	   1.3177631447	   0.0005000000
1930.0	   1.3177511447	   0.0005000000
1932.0	   1.3177461447	   0.0005000000
1934.0	   1.3177471447	   0.0005000000
1936.0	   1.3177541447	   0.0005000000
1938.0	   1.3177631447	   0.0005000000
1940.0	   1.3177651447	   0.0005000000
1942.0	   1.3177621447	   0.0005000000
1944.0	   1.3177531447	   0.0005000000
1946.0	   1.3177371447	   0.0005000000
1948.0	   1.3177221447	   0.0005000000
1950.0	   1.3177051447	   0.0005000000
1952.0	   1.3176871447	   0.0005000000
1954.0	   1.3176581447	   0.0005000000
1956.0	   1.3176171447	   0.0005000000
1958.0	   1.3175701447	   0.0005000000
1960.0	   1.3175221447	   0.0005000000
1962.0	   1.3174831447	   0.0005000000
1964.0	   1.3174441447	   0.0005000000
1966.0	   1.3174041447	   0.0005000000
1968.0	   1.3173571447	   0.0005000000
1970.0	   1.3173061447	   0.0005000000
1972.0	   1.3172591447	   0.0005000000
1974.0	   1.3172081447	   0.0005000000
1976.0	   1.3171511447	   0.0005000000
1978.0	   1.3170901447	   0.0005000000
1980.0	   1.3170301447	   0.0005000000
1982.0	   1.3169661447	   0.0005000000
1984.0	   1.3169011447	   0.0005000000
1986.0	   1.3168371447	   0.0005000000
1988.0	   1.3167731447	   0.0005000000
1990.0	   1.3167021447	   0.0005000000
1992.0	   1.3166261447	   0.0005000000
1994.0	   1.3165551447	   0.0005000000
1996.0	   1.3164871447	   0.0005000000
1998.0	   1.3164161447	   0.0005000000
2000.0	   1.3163431447	   0.0005000000
2002.0	   1.3162681447	   0.0005000000
2004.0	   1.3161851447	   0.0005000000
2006.0	   1.3160991447	   0.0005000000
2008.0	   1.3160211447	   0.0005000000
2010.0	   1.3159461447	   0.0005000000
2012.0	   1.3158711447	   0.0005000000
2014.0	   1.3157891447	   0.0005000000
2016.0	   1.3157031447	   0.0005000000
2018.0	   1.3156151447	   0.0005000000
2020.0	   1.3155281447	   0.0005000000
2022.0	   1.3154421447	   0.0005000000
2024.0	   1.3153541447	   0.0005000000
2026.0	   1.3152691447	   0.0005000000
2028.0	   1.3151861447	   0.0005000000
2030.0	   1.3150991447	   0.0005000000
2032.0	   1.3150121447	   0.0005000000
2034.0	   1.3149251447	   0.0005000000
2036.0	   1.3148331447	   0.0005000000
2038.0	   1.3147381447	   0.0005000000
2040.0	   1.3146491447	   0.0005000000
2042.0	   1.3145611447	   0.0005000000
2044.0	   1.3144701447	   0.0005000000
2046.0	   1.3143781447	   0.0005000000
2048.0	   1.3142911447	   0.0005000000
2050.0	   1.3142051447	   0.0005000000
2052.0	   1.3141131447	   0.0005000000
2054.0	   1.3140181447	   0.0005000000
2056.0	   1.3139211447	   0.0005000000
2058.0	   1.3138181447	   0.0005000000
2060.0	   1.3137171447	   0.0005000000
2062.0	   1.3136181447	   0.0005000000
2064.0	   1.3135181447	   0.0005000000
2066.0	   1.3134191447	   0.0005000000
2068.0	   1.3133311447	   0.0005000000
2070.0	   1.3132511447	   0.0005000000
2072.0	   1.3131681447	   0.0005000000
2074.0	   1.3130871447	   0.0005000000
2076.0	   1.3130021447	   0.0005000000
2078.0	   1.3129041447	   0.0005000000
2080.0	   1.3127961447	   0.0005000000
2082.0	   1.3126901447	   0.0005000000
2084.0	   1.3125861447	   0.0005000000
2086.0	   1.3124811447	   0.0005000000
2088.0	   1.3123771447	   0.0005000000
2090.0	   1.3122821447	   0.0005000000
2092.0	   1.3121921447	   0.0005000000
2094.0	   1.3121011447	   0.0005000000
2096.0	   1.3120091447	   0.0005000000
2098.0	   1.3119151447	   0.0005000000
2100.0	   1.3118131447	   0.0005000000
2102.0	   1.3117091447	   0.0005000000
2104.0	   1.3116041447	   0.0005000000
2106.0	   1.3114981447	   0.0005000000
2108.0	   1.3113891447	   0.0005000000
2110.0	   1.3112771447	   0.0005000000
2112.0	   1.3111651447	   0.0005000000
2114.0	   1.3110551447	   0.0005000000
2116.0	   1.3109471447	   0.0005000000
2118.0	   1.3108391447	   0.0005000000
2120.0	   1.3107321447	   0.0005000000
2122.0	   1.3106231447	   0.0005000000
2124.0	   1.3105121447	   0.0005000000
2126.0	   1.3104011447	   0.0005000000
2128.0	   1.3102911447	   0.0005000000
2130.0	   1.3101801447	   0.0005000000
2132.0	   1.3100701447	   0.0005000000
2134.0	   1.3099611447	   0.0005000000
2136.0	   1.3098561447	   0.0005000000
2138.0	   1.3097501447	   0.0005000000
2140.0	   1.3096391447	   0.0005000000
2142.0	   1.3095231447	   0.0005000000
2144.0	   1.3094041447	   0.0005000000
2146.0	   1.3092841447	   0.0005000000
2148.0	   1.3091621447	   0.0005000000
2150.0	   1.3090391447	   0.0005000000
2152.0	   1.3089171447	   0.0005000000
2154.0	   1.3087981447	   0.0005000000
2156.0	   1.3086781447	   0.0005000000
2158.0	   1.3085601447	   0.0005000000
2160.0	   1.3084431447	   0.0005000000
2162.0	   1.3083261447	   0.0005000000
2164.0	   1.3082071447	   0.0005000000
2166.0	   1.3080841447	   0.0005000000
2168.0	   1.3079601447	   0.0005000000
2170.0	   1.3078371447	   0.0005000000
2172.0	   1.3077171447	   0.0005000000
2174.0	   1.3075941447	   0.0005000000
2176.0	   1.3074681447	   0.0005000000
2178.0	   1.3073391447	   0.0005000000
2180.0	   1.3072091447	   0.0005000000
2182.0	   1.3070791447	   0.0005000000
2184.0	   1.3069521447	   0.0005000000
2186.0	   1.3068241447	   0.0005000000
2188.0	   1.3066941447	   0.0005000000
2190.0	   1.3065631447	   0.0005000000
2192.0	   1.3064321447	   0.0005000000
2194.0	   1.3063061447	   0.0005000000
2196.0	   1.3061821447	   0.0005000000
2198.0	   1.3060541447	   0.0005000000
2200.0	   1.3059231447	   0.0005000000
2202.0	   1.3057961447	   0.0005000000
2204.0	   1.3056681447	   0.0005000000
2206.0	   1.3055351447	   0.0005000000
2208.0	   1.3053971447	   0.0005000000
2210.0	   1.3052581447	   0.0005000000
2212.0	   1.3051191447	   0.0005000000
2214.0	   1.3049791447	   0.0005000000
2216.0	   1.3048381447	   0.0005000000
2218.0	   1.3047001447	   0.0005000000
2220.0	   1.3045661447	   0.0005000000
2222.0	   1.3044331447	   0.0005000000
2224.0	   1.3042961447	   0.0005000000
2226.0	   1.3041561447	   0.0005000000
2228.0	   1.3040161447	   0.0005000000
2230.0	   1.3038751447	   0.0005000000
2232.0	   1.3037331447	   0.0005000000
2234.0	   1.3035871447	   0.0005000000
2236.0	   1.3034411447	   0.0005000000
2238.0	   1.3032941447	   0.0005000000
2240.0	   1.3031461447	   0.0005000000
2242.0	   1.3029981447	   0.0005000000
2244.0	   1.3028541447	   0.0005000000
2246.0	   1.3027091447	   0.0005000000
2248.0	   1.3025611447	   0.0005000000
2250.0	   1.3024081447	   0.0005000000
2252.0	   1.3022551447	   0.0005000000
2254.0	   1.3021001447	   0.0005000000
2256.0	   1.3019431447	   0.0005000000
2258.0	   1.3017881447	   0.0005000000
2260.0	   1.3016291447	   0.0005000000
2262.0	   1.3014701447	   0.0005000000
2264.0	   1.3013151447	   0.0005000000
2266.0	   1.3011621447	   0.0005000000
2268.0	   1.3010081447	   0.0005000000
2270.0	   1.3008511447	   0.0005000000
2272.0	   1.3006921447	   0.0005000000
2274.0	   1.3005321447	   0.0005000000
2276.0	   1.3003701447	   0.0005000000
2278.0	   1.3002051447	   0.0005000000
2280.0	   1.3000391447	   0.0005000000
2282.0	   1.2998701447	   0.0005000000
2284.0	   1.2997041447	   0.0005000000
2286.0	   1.2995401447	   0.0005000000
2288.0	   1.2993741447	   0.0005000000
2290.0	   1.2992041447	   0.0005000000
2292.0	   1.2990341447	   0.0005000000
2294.0	   1.2988661447	   0.0005000000
2296.0	   1.2986961447	   0.0005000000
2298.0	   1.2985211447	   0.0005000000
2300.0	   1.2983471447	   0.0005000000
2302.0	   1.2981731447	   0.0005000000
2304.0	   1.2979991447	   0.0005000000
2306.0	   1.2978231447	   0.0005000000
2308.0	   1.2976461447	   0.0005000000
2310.0	   1.2974661447	   0.0005000000
2312.0	   1.2972811447	   0.0005000000
2314.0	   1.2970941447	   0.0005000000
2316.0	   1.2969061447	   0.0005000000
2318.0	   1.2967211447	   0.0005000000
2320.0	   1.2965371447	   0.0005000000
2322.0	   1.2963521447	   0.0005000000
2324.0	   1.2961641447	   0.0005000000
2326.0	   1.2959751447	   0.0005000000
2328.0	   1.2957871447	   0.0005000000
2330.0	   1.2955951447	   0.0005000000
2332.0	   1.2954021447	   0.0005000000
2334.0	   1.2952101447	   0.0005000000
2336.0	   1.2950191447	   0.0005000000
2338.0	   1.2948241447	   0.0005000000
2340.0	   1.2946281447	   0.0005000000
2342.0	   1.2944301447	   0.0005000000
2344.0	   1.2942291447	   0.0005000000
2346.0	   1.2940281447	   0.0005000000
2348.0	   1.2938271447	   0.0005000000
2350.0	   1.2936231447	   0.0005000000
2352.0	   1.2934181447	   0.0005000000
2354.0	   1.2932131447	   0.0005000000
2356.0	   1.2930051447	   0.0005000000
2358.0	   1.2927971447	   0.0005000000
2360.0	   1.2925901447	   0.0005000000
2362.0	   1.2923811447	   0.0005000000
2364.0	   1.2921691447	   0.0005000000
2366.0	   1.2919561447	   0.0005000000
2368.0	   1.2917421447	   0.0005000000
2370.0	   1.2915271447	   0.0005000000
2372.0	   1.2913091447	   0.0005000000
2374.0	   1.2910881447	   0.0005000000
2376.0	   1.2908661447	   0.0005000000
2378.0	   1.2906421447	   0.0005000000
2380.0	   1.2904171447	   0.0005000000
2382.0	   1.2901891447	   0.0005000000
2384.0	   1.2899601447	   0.0005000000
2386.0	   1.2897331447	   0.0005000000
2388.0	   1.2895061447	   0.0005000000
2390.0	   1.2892771447	   0.0005000000
2392.0	   1.2890441447	   0.0005000000
2394.0	   1.2888091447	   0.0005000000
2396.0	   1.2885741447	   0.0005000000
2398.0	   1.2883361447	   0.0005000000
2400.0	   1.2880921447	   0.0005000000
2402.0	   1.2878471447	   0.0005000000
2404.0	   1.2876011447	   0.0005000000
2406.0	   1.2873551447	   0.0005000000
2408.0	   1.2871091447	   0.0005000000
2410.0	   1.2868601447	   0.0005000000
2412.0	   1.2866091447	   0.0005000000
2414.0	   1.2863581447	   0.0005000000
2416.0	   1.2861041447	   0.0005000000
2418.0	   1.2858461447	   0.0005000000
2420.0	   1.2855841447	   0.0005000000
2422.0	   1.2853191447	   0.0005000000
2424.0	   1.2850501447	   0.0005000000
2426.0	   1.2847801447	   0.0005000000
2428.0	   1.2845121447	   0.0005000000
2430.0	   1.2842451447	   0.0005000000
2432.0	   1.2839771447	   0.0005000000
2434.0	   1.2837081447	   0.0005000000
2436.0	   1.2834341447	   0.0005000000
2438.0	   1.2831551447	   0.0005000000
2440.0	   1.2828761447	   0.0005000000
2442.0	   1.2825971447	   0.0005000000
2444.0	   1.2823131447	   0.0005000000
2446.0	   1.2820271447	   0.0005000000
2448.0	   1.2817401447	   0.0005000000
2450.0	   1.2814511447	   0.0005000000
2452.0	   1.2811611447	   0.0005000000
2454.0	   1.2808661447	   0.0005000000
2456.0	   1.2805681447	   0.0005000000
2458.0	   1.2802671447	   0.0005000000
2460.0	   1.2799661447	   0.0005000000
2462.0	   1.2796631447	   0.0005000000
2464.0	   1.2793591447	   0.0005000000
2466.0	   1.2790511447	   0.0005000000
2468.0	   1.2787401447	   0.0005000000
2470.0	   1.2784271447	   0.0005000000
2472.0	   1.2781141447	   0.0005000000
2474.0	   1.2778001447	   0.0005000000
2476.0	   1.2774851447	   0.0005000000
2478.0	   1.2771631447	   0.0005000000
2480.0	   1.2768401447	   0.0005000000
2482.0	   1.2765181447	   0.0005000000
2484.0	   1.2761941447	   0.0005000000
2486.0	   1.2758691447	   0.0005000000
2488.0	   1.2755391447	   0.0005000000
2490.0	   1.2752021447	   0.0005000000
2492.0	   1.2748621447	   0.0005000000
2494.0	   1.2745231447	   0.0005000000
2496.0	   1.2741811447	   0.0005000000
2498.0	   1.2738411447	   0.0005000000
2500.0	   1.2734991447	   0.0005000000
