"V1" "V2"
350 0.000240155169673657
351 0.000278772301896838
352 0.000313708831137578
353 0.000315991936476407
354 0.000330217304030894
355 0.000336040021256325
356 0.000337479865269471
357 0.000344437421453383
358 0.000348721927631464
359 0.000360986968828546
360 0.000380101625601949
361 0.000396911159131028
362 0.00040934100835266
363 0.000413469304642058
364 0.000411939257970717
365 0.000413933012899421
366 0.000423885063500336
367 0.000435195407072751
368 0.000441187363047146
369 0.000438835075720116
370 0.000443686292858925
371 0.000447913645904259
372 0.000443571161526717
373 0.000457618260658663
374 0.000474156300675207
375 0.000486654492564381
376 0.000495866287422722
377 0.000497632033066691
378 0.00050502311313205
379 0.000513079923287374
380 0.000493001497849368
381 0.00051723930800271
382 0.000554247380471337
383 0.000567883141657075
384 0.000578625711769398
385 0.000579193606310257
386 0.000579219846199649
387 0.000589812075889517
388 0.000595775774509756
389 0.00060116295132806
390 0.000612564388347487
391 0.000634822948004584
392 0.000640171295017781
393 0.000649020884257591
394 0.000667985224370774
395 0.000672866039592791
396 0.000684552159892886
397 0.000696073058791536
398 0.000699564966631263
399 0.000702244141488281
400 0.000710447954584233
401 0.000718741667860788
402 0.0007200709438417
403 0.000732104437105859
404 0.000736891002805286
405 0.000736305812720475
406 0.000753795237039679
407 0.00077285370742589
408 0.000782960478600264
409 0.000784669543724224
410 0.000801738901963517
411 0.000807127101201867
412 0.000809834671775237
413 0.000825265819601001
414 0.00083539250822643
415 0.000843128763268077
416 0.000852073063103427
417 0.000865368124576178
418 0.000882918744368789
419 0.000899353927086164
420 0.000911182395928059
421 0.000919093861543829
422 0.000927760646921778
423 0.000940460454531111
424 0.000957636858088132
425 0.000972118068797436
426 0.000983817253044508
427 0.000995094351937862
428 0.00100947856957857
429 0.00102393076372784
430 0.00103999422814137
431 0.00105537068292186
432 0.00106151292335708
433 0.00107170215938266
434 0.00108281323644782
435 0.00109217819042346
436 0.00111387204083048
437 0.00112798694683045
438 0.00113481876328321
439 0.00114622022975432
440 0.00116631451289583
441 0.00118588106165075
442 0.00120110231563237
443 0.00121737614195321
444 0.00123195085242156
445 0.00124873865484549
446 0.00126989667860761
447 0.00128689652862686
448 0.00130624016666246
449 0.00132762013889553
450 0.00134689834316399
451 0.00136425954567936
452 0.00138363537724512
453 0.00140563596527135
454 0.00142526444683123
455 0.00144229513024114
456 0.00146199878107806
457 0.00148693901399994
458 0.00150392184515931
459 0.00152098854688816
460 0.00154053006311445
461 0.0015608439063867
462 0.00158289910141216
463 0.00160501322558296
464 0.00162609760153122
465 0.0016464976648449
466 0.00166894716806963
467 0.00169400737535926
468 0.00172015260705958
469 0.00174085871128499
470 0.00176566739311882
471 0.001794358405331
472 0.00181897967358153
473 0.00184317295371676
474 0.00186945129468706
475 0.00189844553893182
476 0.00192789664636147
477 0.00195314445386591
478 0.00197766962926703
479 0.00200577921551818
480 0.002028307583708
481 0.00205289265524487
482 0.00208143776813408
483 0.00210918675394844
484 0.0021328268090321
485 0.00216062638478465
486 0.00219491847401722
487 0.00221492151809743
488 0.00223632974350903
489 0.00226312243293483
490 0.00229206033377411
491 0.00231171215408365
492 0.00233122945178289
493 0.002355156187214
494 0.0023802337723068
495 0.00240868999859223
496 0.00243773474595675
497 0.00246453741091547
498 0.0024886994980508
499 0.00252066898685959
500 0.00255685555278293
501 0.00258581928894408
502 0.00261655819129404
503 0.00264903002703649
504 0.00268205068303825
505 0.00271451158407742
506 0.00274474698644759
507 0.00277330504698532
508 0.0028018074700749
509 0.00283333631516682
510 0.00286113604221206
511 0.00288616160056594
512 0.00291583988704532
513 0.00294466338589542
514 0.00297565486148008
515 0.00301138136578967
516 0.00304995812518607
517 0.00308723893136709
518 0.00312321510770323
519 0.00315982993601487
520 0.0031963932510708
521 0.00322746693160818
522 0.00325530540982038
523 0.00329104399770229
524 0.0033251789030832
525 0.00335738794292988
526 0.00338903088178864
527 0.00342133979024763
528 0.00344897446049503
529 0.00347432157414747
530 0.00350420692287882
531 0.00353215149200684
532 0.00355893657357401
533 0.00358587284540724
534 0.00361376759837131
535 0.00364047709712112
536 0.00366479956567608
537 0.00368700521239768
538 0.0037110532997232
539 0.00373686539785732
540 0.003762952299238
541 0.00378702495575359
542 0.00380843830573634
543 0.00382823005908297
544 0.00384755374437588
545 0.00386640258433263
546 0.00388488288647055
547 0.00390187346156537
548 0.00391614709581071
549 0.00393275817212045
550 0.00394873963754489
551 0.00396440501546935
552 0.00398777459498061
553 0.00400815512851975
554 0.00402881240992341
555 0.00405537167437304
556 0.00408026734976434
557 0.00410649740684855
558 0.00413405421116592
559 0.0041590508011337
560 0.00417799523072415
561 0.00419547334131011
562 0.00421452776876254
563 0.00422896945280337
564 0.00424040991697856
565 0.0042505294610881
566 0.00426082375764166
567 0.00426980927790395
568 0.00427610288836886
569 0.00427864571934357
570 0.00427669155486254
571 0.00427351683742589
572 0.00426796176599025
573 0.00425842766261771
574 0.0042495361274208
575 0.00423419386685392
576 0.00421324524117276
577 0.00419541324930734
578 0.0041646257317318
579 0.00412784878987089
580 0.00409138559641279
581 0.00404603169429025
582 0.0039915853400066
583 0.00393393996308974
584 0.00388089767561038
585 0.00382277519675086
586 0.00376230082500409
587 0.00370228803703665
588 0.00364355348375105
589 0.00358441094002328
590 0.00352003616383219
591 0.00344872633336749
592 0.00337667159220601
593 0.00330384848245477
594 0.00322594982019319
595 0.00313800039656715
596 0.00304507715989595
597 0.00294316309621422
598 0.00283113498639978
599 0.00272172067238805
600 0.00261937882140134
601 0.0025295044314878
602 0.00245640877242404
603 0.00239616611108989
604 0.00235284769005117
605 0.00232472359813989
606 0.00230137354306482
607 0.00228014155819305
608 0.00226551329042057
609 0.00226047055331895
610 0.00224832800230812
611 0.002234419290583
612 0.00222156564898336
613 0.002209229223301
614 0.00219926159461663
615 0.00218904924147363
616 0.00217704210485438
617 0.00216805398667883
618 0.00215549001134195
619 0.00214150501789034
620 0.00213189601985361
621 0.00212245914948711
622 0.00211383923595588
623 0.00210704000278553
624 0.00210306005568996
625 0.00209533621793327
626 0.00208736819184587
627 0.00208417418558426
628 0.00208048714582885
629 0.00207519395565953
630 0.00206783596644231
631 0.00205853813381324
632 0.00204999951290516
633 0.00204400562013064
634 0.00204089503804863
635 0.00203885737702722
636 0.00203187718919058
637 0.00202395065178506
638 0.0020227356220879
639 0.00201809869446807
640 0.00201216699606648
641 0.00200735385174717
642 0.00200444635814358
643 0.00200172454699262
644 0.00199727338827814
645 0.00199077331587385
646 0.00198952140350858
647 0.00198491744341724
648 0.00197730036160712
649 0.00197483188655382
650 0.00195841627732067
651 0.00193923460019476
652 0.00192528216825156
653 0.00190308902998218
654 0.00188638250654381
655 0.00187059074751108
656 0.00184228397177754
657 0.00180024040471446
658 0.0017568240713564
659 0.00171992935561425
660 0.00169213361803995
661 0.00166482717071383
662 0.00164340551451611
663 0.00163223275055408
664 0.00161986594762007
665 0.00161062100235647
666 0.00160535079268824
667 0.00160184089081338
668 0.00159739694971518
669 0.0015956894758432
670 0.00159956853667733
671 0.00160882693698866
672 0.00161505042677863
673 0.00162164896598125
674 0.00163480517903951
675 0.00164457643760117
676 0.00165640278502402
677 0.00167100173381586
678 0.00168275503179728
679 0.00169439714895712
680 0.00170456155958623
681 0.00171148989911209
682 0.00171499594814984
683 0.0017165651841499
684 0.00171462186175369
685 0.0017089707133044
686 0.00173372187012495
687 0.00176135847469089
688 0.00175601645432686
689 0.00170195199745447
690 0.00165237759985453
691 0.00161354384555471
692 0.00157886219955137
693 0.00154237532079365
694 0.00150450579023407
695 0.00146395729119188
696 0.00141799425297488
697 0.00137980381928591
698 0.00134570474367842
699 0.00131068476614066
700 0.00127635102683085
701 0.00123893072674832
702 0.00120216651591765
703 0.0011702849576143
704 0.0011296003119062
705 0.00109032542969053
706 0.00105566471852191
707 0.00102100255615075
708 0.000987463371673409
709 0.000950527142120681
710 0.000909596386500021
711 0.000877837158883652
712 0.000844380140637908
713 0.000809100237469434
714 0.000777711041994088
715 0.00075002895722753
716 0.000726417250024367
717 0.000706975471374257
718 0.000696646292653277
719 0.000673352638672592
720 0.000636139963431191
721 0.000597274548943755
722 0.000560252904695131
723 0.000540779196319532
724 0.000532949272254581
725 0.000519068034336437
726 0.000497734478008312
727 0.000474779364854108
728 0.000453231799581342
729 0.000431646952763817
730 0.00040705967938639
731 0.000382366418255151
732 0.000360877903905895
733 0.000336332784402655
734 0.000317358647790068
735 0.000305671775084009
736 0.000299339876862657
737 0.00029135754305646
738 0.000284965047440503
739 0.000281228380776926
740 0.000274254380218674
741 0.000271555557451138
742 0.000269341969613913
743 0.000262924279059583
744 0.0002601611976116
745 0.000261781122573602
746 0.000263785240198371
747 0.000259454374612597
748 0.000257964032531823
749 0.000257861093142204
750 0.000256772425388372
751 0.000253713592524339
752 0.000253877931012696
753 0.000254343574967018
754 0.000251269061821147
755 0.000250637567941094
756 0.000251689048638678
757 0.000254002085085041
758 0.000258861434255907
759 0.000286623709312399
760 0.000338445973441849
761 0.00038525028492974
762 0.000374392644974531
763 0.000355266509201315
764 0.000331837973299213
765 0.000300654287441912
766 0.000275508846238738
767 0.000260864290920325
768 0.000251684083893038
769 0.000242000047749987
770 0.000242038575622327
771 0.000241525083681137
772 0.000236713949373878
773 0.000238379873151227
774 0.000239097007035024
775 0.000236720863270896
776 0.000232513031445886
777 0.000234144083338377
778 0.000236479084266527
779 0.00023692716753265
780 0.000235451908540715
781 0.000237237323001616
782 0.000239357910868114
783 0.000240325289583408
784 0.000241965221558441
785 0.000240251572619801
786 0.000241488917598754
787 0.000248730407287748
788 0.000246554936852394
789 0.000248842474888755
790 0.000252530743339782
791 0.000248940261191855
792 0.000253283203350438
793 0.000258939431568185
794 0.000260325272699274
795 0.000255581466736655
796 0.000256762062919525
797 0.000260218552766601
798 0.000261897326864872
799 0.000263677568124337
800 0.000269438418211268
801 0.000272125023238732
802 0.000265713459600434
803 0.000266704025257322
804 0.000268939099243522
805 0.000269539056615218
806 0.000268709900740223
807 0.000267559741798775
808 0.000267905089112828
809 0.000269248802419095
810 0.000267820749939871
811 0.000264881616166739
812 0.00026674808661884
813 0.000274907492420555
814 0.000269267431086278
815 0.000273018691965638
816 0.000281570476980839
817 0.000278501029401131
818 0.000272093901079681
819 0.000260281269220394
820 0.000250527375750345
821 0.000253858138288527
822 0.000249704129542443
823 0.000243016036581784
824 0.000238457430874383
825 0.000234042430641681
826 0.000225793179722959
827 0.000217529415846405
828 0.000212167527407524
829 0.000205076211262142
830 0.000196777629688578
831 0.00018980459018716
832 0.000186163475512816
833 0.000182111522098285
834 0.000176119914554541
835 0.000169662486792767
836 0.000165778587185372
837 0.000163063271638324
838 0.000159821321391408
839 0.000156371070929627
840 0.000155415652813305
841 0.000155891010449738
842 0.000153342580843234
843 0.000147184080871589
844 0.000147004603278357
845 0.00014360653296929
846 0.000138643321902384
847 0.00013623765953173
848 0.000135448200818518
849 0.000136376257346887
850 0.000136467104370441
851 0.000133449489843119
852 0.000137365587131285
853 0.000139073841382621
854 0.000137247359229739
855 0.000138840492868453
856 0.000138386877786792
857 0.000136582745974904
858 0.000134225669267189
859 0.000131005718283834
860 0.000131276690331722
861 0.00013288721026862
862 0.000133830691964927
863 0.000136500366992466
864 0.000136089355333792
865 0.000134879111219302
866 0.000136440362344713
867 0.000139660481159883
868 0.000135692079865098
869 0.000133926241458251
870 0.000145569257256471
871 0.000141577790078937
872 0.000136801047760552
873 0.000134259100529284
874 0.000128065989944386
875 0.000134231795917973
876 0.00013755326924803
877 0.000133556532886463
878 0.000133476680218623
879 0.00013389796276523
880 0.000134242906534786
881 0.000132336383177122
882 0.000123286515815687
883 0.00012868800111139
884 0.00013389315067312
885 0.000127969015756579
886 0.00012986619041331
887 0.000126045338798267
888 0.00011829829448728
889 0.00011448840914682
890 0.000127472473131137
891 0.000123999916985777
892 0.000115611851235908
893 0.000125753423487191
894 0.000128123817960867
895 0.000130864852608673
896 0.00013956240722177
897 0.000153803389646539
898 0.000152554286318906
899 0.000152104585039851
900 0.000153207472979214
901 0.000144002026088982
902 0.000134572853502738
903 0.000137553362964318
904 0.000143619723384517
905 0.000129613924897454
906 0.000133846454158595
907 0.000137312958210112
908 0.000132525087673551
909 0.000134992139307734
910 0.000118633203399709
911 0.000118443565380085
912 0.00014078876356239
913 0.000135171036046286
914 0.000118315813705424
915 0.000113928435451441
916 0.000124466460588172
917 0.000115891767897659
918 0.000101163159068254
919 9.11708953280561e-05
920 8.79431291242896e-05
921 7.8144428352029e-05
922 7.59893508472162e-05
923 7.91137237880274e-05
924 8.14652347377076e-05
925 7.78587413300113e-05
926 7.9792225779937e-05
927 7.81794045913085e-05
928 6.89666608068517e-05
929 9.69294049155624e-05
930 0.000118204501508453
931 0.000124239997554108
932 0.00012470781759515
933 0.000125631757600723
934 0.000125984333870644
935 0.000121577871094355
936 0.000108485437123181
937 8.57698503757297e-05
938 8.04023470288947e-05
939 8.65802085664448e-05
940 8.66800861948243e-05
941 5.89433394288319e-05
942 4.85715304738796e-05
943 4.29911618364518e-05
944 2.24435308518893e-05
945 2.00252262058993e-05
946 2.42095744751915e-05
947 2.12659952871305e-05
948 5.16120984167218e-06
949 -8.04787626478802e-06
950 -3.7242298814678e-06
951 3.91592835591495e-06
952 -2.88575201467584e-06
953 -2.61008755799888e-05
954 -2.19422467642769e-05
955 -1.84689467998019e-05
956 -3.97479646184541e-05
957 -2.0964679327439e-05
958 -2.53773126640508e-05
959 -4.24088549765023e-05
960 -4.72774505648888e-05
961 -3.69795390414309e-05
962 -3.90720443548652e-05
963 -4.68720449522163e-05
964 -4.82344673021488e-05
965 -4.28650022812894e-05
966 -3.50980869803626e-05
967 -2.84415915325686e-05
968 -2.54938678017934e-05
969 -2.71845458987373e-05
970 -3.09359889074084e-05
971 -2.98588250744452e-05
972 -2.29496891004772e-05
973 -1.9884083136062e-05
974 -2.78076454066678e-05
975 -3.71676781380176e-05
976 -4.06317220935596e-05
977 -4.26547148883252e-05
978 -4.04119910659346e-05
979 -4.44884515406742e-05
980 -5.04662365638247e-05
981 -3.71446718335431e-05
982 -4.47500484448977e-05
983 -4.96391101214242e-05
984 -4.1297700973294e-05
985 -3.33187814245213e-05
986 -3.90840125748433e-05
987 -4.22807361062355e-05
988 -3.75759196024358e-05
989 -3.21804689655241e-05
990 -2.63527853560946e-05
991 -2.3303450478583e-05
992 -2.43934910168494e-05
993 -2.76131548460638e-05
994 -2.07849372398399e-05
995 -1.87455363535185e-05
996 -1.63444090087933e-05
997 -2.39971419460085e-06
998 -3.25659944002135e-06
999 8.46969692778448e-07
1000 6.4907579439935e-06
